Cross-user run 1
Attacker UID: 1000
Victim UID: 65534
Target: data/page-cache-target.bin (64 x 4096 bytes, Btrfs, mode 0644)

$ artifact/Eviction-Notice/primitives/build/flush data/page-cache-target.bin -1
page, time [s],  cache
0000, 0.000006927, 1
0001, 0.000000660, 0
0002, 0.000000501, 0
0003, 0.000000533, 0
0004, 0.000000509, 0
0005, 0.000000510, 0
0006, 0.000000442, 0
0007, 0.000000467, 0
0008, 0.000000446, 0
0009, 0.000000524, 0
0010, 0.000000497, 0
0011, 0.000000438, 0
0012, 0.000000439, 0
0013, 0.000000546, 0
0014, 0.000000419, 0
0015, 0.000000505, 0
0016, 0.000000778, 0
0017, 0.000000444, 0
0018, 0.000000443, 0
0019, 0.000000513, 0
0020, 0.000000450, 0
0021, 0.000000492, 0
0022, 0.000000539, 0
0023, 0.000000502, 0
0024, 0.000000518, 0
0025, 0.000000467, 0
0026, 0.000000501, 0
0027, 0.000000440, 0
0028, 0.000000441, 0
0029, 0.000000644, 0
0030, 0.000000445, 0
0031, 0.000000467, 0
0032, 0.000000456, 0
0033, 0.000000399, 0
0034, 0.000000394, 0
0035, 0.000000510, 0
0036, 0.000000446, 0
0037, 0.000000442, 0
0038, 0.000000446, 0
0039, 0.000000491, 0
0040, 0.000000449, 0
0041, 0.000000514, 0
0042, 0.000000464, 0
0043, 0.000000439, 0
0044, 0.000000463, 0
0045, 0.000000497, 0
0046, 0.000000443, 0
0047, 0.000000443, 0
0048, 0.000000508, 0
0049, 0.000000441, 0
0050, 0.000000541, 0
0051, 0.000000523, 0
0052, 0.000000437, 0
0053, 0.000000434, 0
0054, 0.000000440, 0
0055, 0.000000500, 0
0056, 0.000000762, 0
0057, 0.000000440, 0
0058, 0.000000436, 0
0059, 0.000000495, 0
0060, 0.000000492, 0
0061, 0.000000467, 0
0062, 0.000000405, 0
0063, 0.000000654, 0

exit=0

$ artifact/Eviction-Notice/primitives/build/monitor-preadv2 data/page-cache-target.bin -1
page, cache
0000,   0
0001,   0
0002,   0
0003,   0
0004,   0
0005,   0
0006,   0
0007,   0
0008,   0
0009,   0
0010,   0
0011,   0
0012,   0
0013,   0
0014,   0
0015,   0
0016,   0
0017,   0
0018,   0
0019,   0
0020,   0
0021,   0
0022,   0
0023,   0
0024,   0
0025,   0
0026,   0
0027,   0
0028,   0
0029,   0
0030,   0
0031,   0
0032,   0
0033,   0
0034,   0
0035,   0
0036,   0
0037,   0
0038,   0
0039,   0
0040,   0
0041,   0
0042,   0
0043,   0
0044,   0
0045,   0
0046,   0
0047,   0
0048,   0
0049,   0
0050,   0
0051,   0
0052,   0
0053,   0
0054,   0
0055,   0
0056,   0
0057,   0
0058,   0
0059,   0
0060,   0
0061,   0
0062,   0
0063,   0

Total: 64
In cache: 0

exit=0

$ docker run --rm --pull=never --network=none --user 65534:65534 --mount type=bind,src=/home/bantinus/Progetti/evictionNotice/data/page-cache-target.bin,dst=/target,readonly ubuntu:24.04 dd if=/target of=/dev/null bs=4096 status=none

exit=0

$ artifact/Eviction-Notice/primitives/build/monitor-preadv2 data/page-cache-target.bin -1
page, cache
0000,   1
0001,   1
0002,   1
0003,   1
0004,   1
0005,   1
0006,   1
0007,   1
0008,   1
0009,   1
0010,   1
0011,   1
0012,   1
0013,   1
0014,   1
0015,   1
0016,   1
0017,   1
0018,   1
0019,   1
0020,   1
0021,   1
0022,   1
0023,   1
0024,   1
0025,   1
0026,   1
0027,   1
0028,   1
0029,   1
0030,   1
0031,   1
0032,   1
0033,   1
0034,   1
0035,   1
0036,   1
0037,   1
0038,   1
0039,   1
0040,   1
0041,   1
0042,   1
0043,   1
0044,   1
0045,   1
0046,   1
0047,   1
0048,   1
0049,   1
0050,   1
0051,   1
0052,   1
0053,   1
0054,   1
0055,   1
0056,   1
0057,   1
0058,   1
0059,   1
0060,   1
0061,   1
0062,   1
0063,   1

Total: 64
In cache: 64

exit=0


