M3 run 1
Target: /usr/bin/htop
Attacker signal: monitor-preadv2 only

$ artifact/Eviction-Notice/primitives/build/flush /usr/bin/htop -1
page, time [s],  cache
0000, 0.000004588, 1
0001, 0.000000556, 0
0002, 0.000000418, 0
0003, 0.000000457, 0
0004, 0.000000551, 0
0005, 0.000000496, 0
0006, 0.000000456, 0
0007, 0.000000476, 0
0008, 0.000000407, 0
0009, 0.000000402, 0
0010, 0.000000401, 0
0011, 0.000000405, 0
0012, 0.000000404, 0
0013, 0.000000417, 0
0014, 0.000000403, 0
0015, 0.000000405, 0
0016, 0.000000514, 0
0017, 0.000000455, 0
0018, 0.000000468, 0
0019, 0.000000451, 0
0020, 0.000000450, 0
0021, 0.000000445, 0
0022, 0.000000453, 0
0023, 0.000000525, 0
0024, 0.000000478, 0
0025, 0.000000491, 0
0026, 0.000000451, 0
0027, 0.000000456, 0
0028, 0.000000450, 0
0029, 0.000000679, 0
0030, 0.000000463, 0
0031, 0.000000455, 0
0032, 0.000000486, 0
0033, 0.000000453, 0
0034, 0.000000446, 0
0035, 0.000000406, 0
0036, 0.000000423, 0
0037, 0.000000451, 0
0038, 0.000000453, 0
0039, 0.000000443, 0
0040, 0.000000451, 0
0041, 0.000000414, 0
0042, 0.000000620, 0
0043, 0.000000408, 0
0044, 0.000000467, 0
0045, 0.000000452, 0
0046, 0.000000491, 0
0047, 0.000000526, 0
0048, 0.000000465, 0
0049, 0.000000446, 0
0050, 0.000000447, 0
0051, 0.000000515, 0
0052, 0.000000449, 0
0053, 0.000000449, 0
0054, 0.000000448, 0
0055, 0.000000478, 0
0056, 0.000000449, 0
0057, 0.000000451, 0
0058, 0.000000466, 0
0059, 0.000000448, 0
0060, 0.000000446, 0
0061, 0.000000402, 0
0062, 0.000000442, 0
0063, 0.000000622, 0
0064, 0.000000535, 0
0065, 0.000000466, 0
0066, 0.000000446, 0
0067, 0.000000451, 0
0068, 0.000000445, 0
0069, 0.000000729, 0
0070, 0.000000450, 0
0071, 0.000000469, 0
0072, 0.000000463, 0
0073, 0.000000404, 0
0074, 0.000000472, 0
0075, 0.000000449, 0
0076, 0.000000445, 0
0077, 0.000000469, 0
0078, 0.000000411, 0
0079, 0.000000558, 0
0080, 0.000000451, 0
0081, 0.000000411, 0
0082, 0.000000451, 0
0083, 0.000000472, 0
0084, 0.000000484, 0
0085, 0.000000492, 0
0086, 0.000000489, 0
0087, 0.000000478, 0
0088, 0.000000420, 0
0089, 0.000000725, 0
0090, 0.000000438, 0
0091, 0.000000413, 0
0092, 0.000000414, 0
0093, 0.000000416, 0

exit=0

$ artifact/Eviction-Notice/primitives/build/monitor-preadv2 /usr/bin/htop -1  # idle 1
page, cache
0000,   0
0001,   0
0002,   0
0003,   0
0004,   0
0005,   0
0006,   0
0007,   0
0008,   0
0009,   0
0010,   0
0011,   0
0012,   0
0013,   0
0014,   0
0015,   0
0016,   0
0017,   0
0018,   0
0019,   0
0020,   0
0021,   0
0022,   0
0023,   0
0024,   0
0025,   0
0026,   0
0027,   0
0028,   0
0029,   0
0030,   0
0031,   0
0032,   0
0033,   0
0034,   0
0035,   0
0036,   0
0037,   0
0038,   0
0039,   0
0040,   0
0041,   0
0042,   0
0043,   0
0044,   0
0045,   0
0046,   0
0047,   0
0048,   0
0049,   0
0050,   0
0051,   0
0052,   0
0053,   0
0054,   0
0055,   0
0056,   0
0057,   0
0058,   0
0059,   0
0060,   0
0061,   0
0062,   0
0063,   0
0064,   0
0065,   0
0066,   0
0067,   0
0068,   0
0069,   0
0070,   0
0071,   0
0072,   0
0073,   0
0074,   0
0075,   0
0076,   0
0077,   0
0078,   0
0079,   0
0080,   0
0081,   0
0082,   0
0083,   0
0084,   0
0085,   0
0086,   0
0087,   0
0088,   0
0089,   0
0090,   0
0091,   0
0092,   0
0093,   0

Total: 94
In cache: 0

exit=0

$ artifact/Eviction-Notice/primitives/build/monitor-preadv2 /usr/bin/htop -1  # idle 2
page, cache
0000,   1
0001,   1
0002,   1
0003,   1
0004,   1
0005,   1
0006,   1
0007,   1
0008,   1
0009,   1
0010,   1
0011,   1
0012,   1
0013,   1
0014,   1
0015,   1
0016,   1
0017,   1
0018,   1
0019,   1
0020,   1
0021,   1
0022,   1
0023,   1
0024,   1
0025,   1
0026,   1
0027,   1
0028,   1
0029,   1
0030,   1
0031,   1
0032,   1
0033,   1
0034,   1
0035,   1
0036,   1
0037,   1
0038,   1
0039,   1
0040,   1
0041,   1
0042,   1
0043,   1
0044,   1
0045,   1
0046,   1
0047,   1
0048,   1
0049,   1
0050,   1
0051,   1
0052,   1
0053,   1
0054,   1
0055,   1
0056,   1
0057,   1
0058,   1
0059,   1
0060,   1
0061,   1
0062,   1
0063,   1
0064,   1
0065,   1
0066,   1
0067,   1
0068,   1
0069,   1
0070,   1
0071,   1
0072,   1
0073,   1
0074,   1
0075,   1
0076,   1
0077,   1
0078,   1
0079,   1
0080,   1
0081,   1
0082,   1
0083,   1
0084,   1
0085,   1
0086,   1
0087,   1
0088,   1
0089,   1
0090,   1
0091,   1
0092,   1
0093,   1

Total: 94
In cache: 94

exit=0

$ artifact/Eviction-Notice/primitives/build/monitor-preadv2 /usr/bin/htop -1  # idle 3
page, cache
0000,   1
0001,   1
0002,   1
0003,   1
0004,   1
0005,   1
0006,   1
0007,   1
0008,   1
0009,   1
0010,   1
0011,   1
0012,   1
0013,   1
0014,   1
0015,   1
0016,   1
0017,   1
0018,   1
0019,   1
0020,   1
0021,   1
0022,   1
0023,   1
0024,   1
0025,   1
0026,   1
0027,   1
0028,   1
0029,   1
0030,   1
0031,   1
0032,   1
0033,   1
0034,   1
0035,   1
0036,   1
0037,   1
0038,   1
0039,   1
0040,   1
0041,   1
0042,   1
0043,   1
0044,   1
0045,   1
0046,   1
0047,   1
0048,   1
0049,   1
0050,   1
0051,   1
0052,   1
0053,   1
0054,   1
0055,   1
0056,   1
0057,   1
0058,   1
0059,   1
0060,   1
0061,   1
0062,   1
0063,   1
0064,   1
0065,   1
0066,   1
0067,   1
0068,   1
0069,   1
0070,   1
0071,   1
0072,   1
0073,   1
0074,   1
0075,   1
0076,   1
0077,   1
0078,   1
0079,   1
0080,   1
0081,   1
0082,   1
0083,   1
0084,   1
0085,   1
0086,   1
0087,   1
0088,   1
0089,   1
0090,   1
0091,   1
0092,   1
0093,   1

Total: 94
In cache: 94

exit=0

$ htop  # victim, interactive output omitted
started=1

$ artifact/Eviction-Notice/primitives/build/monitor-preadv2 /usr/bin/htop -1  # victim running
page, cache
0000,   1
0001,   1
0002,   1
0003,   1
0004,   1
0005,   1
0006,   1
0007,   1
0008,   1
0009,   1
0010,   1
0011,   1
0012,   1
0013,   1
0014,   1
0015,   1
0016,   1
0017,   1
0018,   1
0019,   1
0020,   1
0021,   1
0022,   1
0023,   1
0024,   1
0025,   1
0026,   1
0027,   1
0028,   1
0029,   1
0030,   1
0031,   1
0032,   1
0033,   1
0034,   1
0035,   1
0036,   1
0037,   1
0038,   1
0039,   1
0040,   1
0041,   1
0042,   1
0043,   1
0044,   1
0045,   1
0046,   1
0047,   1
0048,   1
0049,   1
0050,   1
0051,   1
0052,   1
0053,   1
0054,   1
0055,   1
0056,   1
0057,   1
0058,   1
0059,   1
0060,   1
0061,   1
0062,   1
0063,   1
0064,   1
0065,   1
0066,   1
0067,   1
0068,   1
0069,   1
0070,   1
0071,   1
0072,   1
0073,   1
0074,   1
0075,   1
0076,   1
0077,   1
0078,   1
0079,   1
0080,   1
0081,   1
0082,   1
0083,   1
0084,   1
0085,   1
0086,   1
0087,   1
0088,   1
0089,   1
0090,   1
0091,   1
0092,   1
0093,   1

Total: 94
In cache: 94

exit=0

victim_exit=0

